          45    !N_theta
           0
         204
         409
         613
         818
        1022
        1227
        1431
        1636
        1840
        2045
        2250
        2454
        2659
        2863
        3068
        3272
        3477
        3681
        3886
        4090
        4295
        4500
        4704
        4909
        5113
        5318
        5522
        5727
        5931
        6136
        6340
        6545
        6750
        6954
        7159
        7363
        7568
        7772
        7977
        8181
        8386
        8590
        8795
        9000
   1.0000000000000000      ! Constante Dipolar
         108    !Ns
       11664    !N_viz
       10000     !N_mc
          20     !N_temp
   5.0000000         !Temperatura inicial
   0.12     !Temperatura final
         216
          10     !N_sin
          5     !N_kago
          5     !N_tri
           1    S ; 0-> S=1, 1->S aleatório
